
Handles  NPM(K)    PM(K)      WS(K) CPU(s
                                        )
-------  ------    -----      ----- -----
    220      12     3220      13256      
   1006      33   195396     232172 18.23
    197      20    66180     115836  1.31
    386      24    15328      63212  1.20
    426      73   188360     224844 18.08
    703      61   579744     624620 98.02
    196      22    86148     165636  2.73
    441      69   194012     181736  4.14
    192      20    34096     116840  0.39
    265      16    11808     100132  0.09
    209      22   459428     537976 25.03
    335      28    74856     123432  0.70
    252      27    82024     117912  5.02
   1273      89   141056     187472 11.73
    265      28    95936     130120  3.30
    193      20    28580     110632  0.27
    292      13    11072      40452  0.13
    201      22    48264     130576  0.69
    550      25    50564     136792  0.20
    388      21    13104      27000  1.08
    457      50    42868      21648      
    414      18    59044      32800  0.86
    206      14     3272       9740  0.39
    244      25     6372       3936  0.27
    325      29    18852       1364  0.31
    286      29     9028      19844  0.31
    399      20    23164      65972  0.94
    277      17    21264      54524  0.14
    745      33    56552      96916 40.58
    478      26    55124      61928  0.48
    286      16    13772      45840  0.77
    197      15     3640       8712  0.06
    495      25     6484      17684  0.84
   1137      78   141952      83936 ...69
    202      12    11152      19724  0.45
    409      22    20092      45664  4.80
    481      37   126012     134988 14.17
    831      32   146164      54536  2.30
    315      24    28560      72152  0.66
    501      43   245872     321460 38.34
    193      11     2524       6088  0.06
    317      25    37804      52660  0.81
    214      15    11424      16624  1.42
    262      18     9100      18552  0.86
    536      27    77612      29008  0.72
   1985      76   126776     260472 ...31
   2052      45   261224     161584 ...25
    235      20    16004      31436  0.14
    415      29    27568      53772 55.58
    258      24    21408      44280  0.19
     90       6     2624       7064  0.03
     90       7     2608       7128  0.02
    111      10     1428       9112  0.02
    111      10     1432       9136  0.00
     96       8     1188       4292  0.02
    111      10     1412       8876  0.03
    122      11     1716       6348  0.05
    119      11     1724       6184  0.03
    114      10     1520       8752  0.03
    111      10     1432       8808  0.02
    115      10     1432       8700  0.02
    111      10     1416       9088  0.05
    143      11     1692       6708      
    111      10     1424       9072  0.05
    122      11     1620       6180  0.03
    115      10     1444       9148  0.03
    103       8     1200       7988  0.05
   1285     141    73124     166244 21.13
    504      27    35648      32256  0.86
   1017      90    25884      67236 35.14
    746      31     2440       5356      
    971      41     3324       6416      
    555      22     7888      26136  7.80
    403      18     8872      13848      
    267      12     3504       9232      
    133       9     1628       5840  0.06
   2057      56   220524     150744      
   4224     110   282988     317284 ...14
    138      13     8732       8172      
    218      17    10884      33760  0.11
    457      18     5756      21952      
    241      11     2572       9008      
    209      15    20324      10452  0.23
    578      34    59328      26384  2.92
     43       9     3536       4904      
     43       8     1820       2548      
    805      31    18596      32256      
    305      14    12084       7016      
      0       0       60          8      
    394      36    40612      17268      
    150       9     1452       4600      
    180      11     2096       7540 16.75
    144       9     2140       5328      
    141      13     1628       4440      
    145      10     1456       4868      
    540      54   508332     519932 41.92
   1254      49    39596      41388      
    448      30    22428      27292 10.78
    699      40    27156      51340      
    396      23    28788      42464      
    236      16    23080      12352      
    535      40    25744       4644  1.83
    461      30    28884       8024  0.94
    738      41   133856      46592 42.97
    970      60    32120       6856      
   3208      64    50320      49824      
    263      17    13252      18812      
     57       5      684       2444      
    818      33    46292      61716  1.63
     62       8     1308       2572      
    249      17    10144      10812      
   2212      29    13516      26748      
   1287      51    74364      67944 11.00
   1198      90   153308     147324      
    349      29     9236      19776  0.28
    145      10     2076       6108      
      0       0     3164     823060      
    535      52    49096      26780  8.36
    509      27    33280      32788  1.09
    332      17     9184      16180      
    389      36   177032      77100      
    477      19    13004      19444      
    516      31    77420     129224  4.28
    157      11     9412      22512  0.09
    213      18    19604      37880  0.19
    173      10     2516      12848  0.02
    157      11     9384      23992  0.05
    411      25    96384     103000  0.52
   1706      68    71164     198536  7.55
    175      12     9212      24268  0.13
    357      22    22760      59320  1.34
    226      15     9084       1880  0.27
    384      23    13432      12612  5.09
    412      21    29504       8764  0.44
    369      22    13824      24024  3.06
   1474      59    47620      14104 13.13
    158      10     2512       7452  0.09
   1249      35   170388       8144 18.75
    182      12    11320         20  0.91
    389      53   271064      22384 54.63
    553      36   198984        548 48.80
    373      22    13616      14340  1.70
    262      21    24040       5788  0.25
    179      12     9416       2012  0.44
    151      10     2524       7032  0.03
    173      12     9244       5028  0.16
   1337      54    45692       7996 15.61
   1448      58    45652      23568  7.31
    151      10     2536       7364  0.08
    380      22    15268       3640  1.44
    158      10     2504       7340  0.02
    805      27    78852       5180  2.27
    178      12    10156         20  0.31
    444      36   109228       3076 10.00
   1457      56    66700      71648 54.45
   1476      58    51044      20424 24.80
    373      43   258012     209672 85.75
    474      40   182052       5644  8.09
    158      10     2512       6992  0.03
    182      12    10276       5216  0.17
    628      32    82480       3820  1.22
    868      27    92876       9256  0.88
    372      22    14092       6480  5.52
    242      16     9352       2656  2.39
   1144     247   381980     397880      
    947      49    34716      30472  6.56
   1460      62    94504      39900 12.31
    221      13     5280      10840      
    245      53    86224      63584  1.36
    212      29    84960      61568  0.95
    214      46   121196     110748  5.50
    222      26    70212      63816  2.39
    709      25    31336      31652      
    503      24    32708      22684      
   1113      61   257652     100576 ...56
   1128     113    86496     105800  7.03
    628      40    67584      90460  3.91
    632      40    62924      85644  3.77
    613      40    67224      89984  3.67
    616      41    71556      95920  3.72
    797      43    77760      99336  3.75
    638      40    67260      90480  3.45
    594      40    71228      91972  3.33
    621      40    62520      85432  3.45
    623      40    67140      90116  3.81
    222      12    16988      10888      
      0      24    33268      55308      
    147      10     2436       6212      
    156      10     2376       8208  0.13
    129       8     1560       9492  0.03
    166      11     2560       8584  0.16
    330      15     4288      32652  0.33
    165      10     2476       8876  0.19
    164      11     2540       8424  0.13
    142       9     2124       7008  0.13
    344      19     6356      27464  0.95
    727      30    16136      46996  9.50
    232      12     3176      11724  0.28
    228      13     3012      12284  0.22
    684      25    15004      31856 17.44
    203      11     2456      12868      
   1623      65    89228     155868 12.66
   1039      20    38852      51764      
    369      14     2696      19040      
      0       0      180      62936      
    503      22     7980      26052      
    183      11     2044       9348  0.36
    550      41    48612      28964      
    583      35    18768      30972      
   1040      17     7068      14312      
    732      32    41228      67272  2.56
    443      22    33808      30312  0.22
    854      26     8664      38288 19.16
    241      13     3436       7584      
    200      12     3112       6732      
    166      11     2120       6320  0.06
     58       4     1292        872      
    434      21     5656      11704      
   1157      53    98984     169012  6.08
    244      12     2956       8332      
    260      14     3352      10332      
   1423      27    13552      36408      
   1748      23    11672      19680      
    303      10     2240      10928      
    362      15     3448       8904      
    107      11     1304       3936      
    223      13     2748      10940      
    171      38     7904      11176      
    367      18     4124      10320      
    359      19     6952      14892      
    338      13     3708      11316      
    201       8     1888       5608      
    210      10     2272       8020      
   1303      23     7724      20600      
    199      11     2556      10428      
    503      15     3148      10772      
    295      12     3132      10704      
    120       8     1348       7764      
    176      11     2324       7084      
    582      16    21128      22308      
    134       9     1712       9524      
    302      13     3716      10120      
    390       9     1564       4844      
    181      10     2096       8156      
    237      14     3380      19556      
    192      14     2184       9392      
    128       8     1652       6664      
    255      14     2992       8348      
    192      13     2036       6904      
    551      19     5180      56212      
    204      10     1984       8036      
    495      35    15044      24408      
    338      11    22796      30984      
    168      10     1876       6376      
    589      28     7728      20584      
    242      14     3156      11284      
    265      13     6952      12836      
    326      31     4616      16284      
    183      11     2028       7004      
    231      13     3380      11936      
    170      11     1996       7060      
    819      34    31888      49580      
    449      22    40112      42960      
    397      19     3180      11260      
    220      13     2724       8776      
    723      26    26696      36420      
    149      15     1400       3828      
    445      21     5196      21460      
    532      19    11296      36572  3.78
    188      10     1952       6084      
    259      13     3676      16356  0.34
    135       9     1632       5588      
    159      10     2160       6716  0.16
    520      20     9844      34160 20.89
    274      14     4240      23412      
    139       9     1524       5104      
    136       9     1844       6008      
    564      34    11412      22624      
    203      11     2140       7384      
    161      11     1872       7084      
    234      16     2280       7764      
    378      24    15228      28452      
    555      19     9416      25776      
    245      14     2816      13272      
    234      14     3216      12640      
    250      12     2708       7868      
    460      22     6180      19788      
     89       6     1020       3616      
    171      10     2488       7368  0.67
    237      14     5584      15144      
    199      11     2728       9800      
    390      19    10104      27512      
    322      16     3932      18676      
    285      16     4184      21240  0.31
    356      15     3964      17696      
    126       9     1688       7920      
    211      13     1928       7392      
    285      14     3552      16480  3.06
    157      42     1824       5380      
    430      24     3964      12204      
    148      10     2200      10072  0.30
    223      14     3620      11604      
    235      12     2808       8692  0.30
    173       9     1804      10436      
    360      11     3096      13472      
    247      12     9968      17532      
    264      15     4064      10956      
    727      22     8460      24080      
    366      25    41460      38756      
    197      16     7124       7944      
    126       9     1860       8968      
   6644       0       60       7616      
    301      42     9324      17888  4.58
   1412      85   111272      84932  8.92
    940     102    72220      48956      
    315      18     5836      11428  0.63
    158      11     5192      13280      
    133       9     1812       6772  0.06
    124       9     1760       6700  0.11
    170      11     1920       7956  0.14
   1675     142    98764     214124 25.80
    952      40    15292      79716 11.08
    353      21     5756      16104  0.69
    163      11     1512       4688      
    290      13     2736      11336      
    192      15     2872       8280      
    183      12     4760      15408      
    381      25    18624      21044      
    356      17    23952      29844      
    281      15     3136       9080      
    385      23     8124      15096  1.58
     85       7      992       4136      
    256      14     3756       9160  0.28
    374      17     3596      12040      
    486      28     8668      14116      
    288      16     4144      10428      
    223       9     1752       4508      
    236      10     1760       4764      


